1560576
22460249
42465505
62483667
82582163
102711068
122836472
143047482
163113975
183361238
203263457
223393442
243523849
263646802
283834489
303960071
324178923
344186236
364269588
384467166
404375774
424595658
444830675
464938594
485039856
505104921
525075750
545346738
565481432
585681307
605684163
625876573
645945610
666114782
686226104
706307587
726471244
746810461
766867266
786995048
807057719
827303804
847328758
867359486
887618240
907645756
927703167
947902077
968018937
988206269
1008253119
1028407124
1048598178
1068696063
1088768616
1108856911
1129046371
1149207138
1169261770
1189327148
1209487522
1229561988
1249727210
1269831403
1290023136
1310081783
1330258932
1350321668
1370477963
1390597352
1410530405
1430793593
1450989309
1471040564
1491139437
1511203466
1531372239
1551561169
1571643379
1591803178
1611885306
1631927555
1652090008
1672251143
1692613003
1712778677
1732782448
1752884171
1772937452
1793132061
1813235925
1833385918
1853397455
1873482903
1893648391
1913812018
1933996350
1954016143
1974162278
1994335057
2014426905
2034528135
2054618273
2074877433
2094997253
2115062429
2135241483
2155363499
2175458292
2195691415
2215775660
2235957314
2256039779
2276114611
2296352807
2316469278
2336581241
