2531232
142429
120507
151594
493741
166948
197048
212630
510388
236993
233042
232437
468667
242458
244034
244083
462690
250329
245388
243052
474770
245689
240405
237832
483706
242093
237634
241648
485852
244621
243897
231963
503338
245884
241558
243732
467041
245303
246368
233539
465968
252045
241682
253286
451366
247290
261844
257095
377084
259594
294498
277666
364893
256834
279105
266775
408172
267171
251996
254548
1468883
248037
249002
259189
400739
260911
258084
246036
446110
266718
245806
248961
446985
255397
251352
240628
473824
239088
233989
240102
473954
248830
248469
244660
459810
254830
245488
240883
477700
254924
238596
249382
434327
248599
249004
250680
438431
258568
253899
251077
440865
260421
249464
249851
442218
256683
253659
252556
442293
257876
252378
247919
444247
257699
253249
249433
451359
257246
252144
252031
963072
255882
249802
247623
459640
254632
247458
247289
473504
250000
245697
248993
473561
250662
245165
243348
485794
256265
246948
245493
460864
261776
246247
244915
472560
258582
243714
246290
471273
252694
247041
243729
479505
249022
251187
250081
476116
251927
240041
241226
485049
252282
241653
243052
493147
246374
232923
238075
497227
237314
231394
245082
498810
244430
242629
246727
472506
250971
255538
255869
766742
254723
248933
254491
443665
258549
254460
259085
462130
250223
247564
247625
472964
242982
267189
229468
515339
242337
236540
249588
425892
254152
274285
264316
423893
251372
269038
252657
462598
261797
224436
249088
490686
239013
237937
245814
469596
251941
248728
259875
465865
254687
251060
255079
467533
260611
248912
248045
471269
254979
259083
259178
429881
266213
267117
252343
440466
260162
255098
256202
1021354
253867
258917
254805
442514
264868
248258
258225
439752
255079
256702
260961
432741
272651
268525
264554
428228
266293
259085
255133
439497
260649
244897
250490
439843
278168
263097
260602
420155
266867
266670
253026
450096
265576
256450
248407
449040
257813
254368
249882
463321
258709
251473
250068
469187
254205
259917
250171
479132
259060
260127
256897
450174
264318
255654
254362
453833
259765
254774
251039
765455
253450
248967
252399
452822
253017
251893
251947
460212
256531
251356
251998
465012
254053
253215
248310
481160
251619
247212
243701
484034
253289
231849
249129
488362
242743
240005
250017
462706
254733
250993
250475
470484
252216
248065
250834
476558
250706
250793
245946
486699
249176
252666
251372
459781
255985
251892
252090
467460
253017
252629
249633
478726
252091
256221
256258
449995
258612
265401
262930
801578
263736
262341
255224
455511
256352
253953
249768
465167
256631
250098
250168
468405
250479
249633
249015
478445
250396
253966
251106
445157
257138
255903
254701
450280
257315
255322
253194
452970
256762
255522
251313
462454
256154
258761
255705
439399
267630
267315
250866
473390
251824
244615
240235
463960
253449
253267
258108
454711
259116
246671
248685
463574
262070
256908
255345
456037
257515
246943
247862
871670
255155
250697
242631
471994
256429
251529
247695
452575
265261
250201
247356
463718
262897
251236
260615
450858
265892
242423
234742
475026
257524
252392
254633
463502
262029
247496
242397
476220
261819
233930
235212
513805
253437
216795
232121
495926
247059
257882
241147
492907
248041
245283
235729
476333
258164
239097
240108
478250
253270
240115
235538
489636
251541
239021
234138
498538
251386
241128
237753
1096178
253792
243290
239373
474395
255303
241592
239594
478030
255008
228074
234421
468120
251008
247116
255562
437177
267878
257672
256555
437440
259660
255444
257354
442451
261063
258654
255605
446046
261505
254109
255562
444000
255786
254684
257088
449728
257758
257267
252720
457501
256511
254162
250779
462068
255113
252929
249322
473073
255074
249138
247210
480719
250919
252127
250796
456376
258957
253237
251057
832565
264628
252155
246420
469679
264018
254286
252267
445216
268243
255316
250335
461608
267640
257892
257777
456275
261633
254871
254269
455253
264619
252116
254990
445777
258366
254077
258481
421974
274816
268218
254061
456267
265178
249612
247253
446346
265891
250695
259711
445308
255537
249022
259524
451963
265533
257570
254263
433342
269445
264878
253415
444542
275207
272539
257567
422868
277279
262413
256797
858886
272024
258094
253721
429220
269442
259761
254406
440659
268898
257320
251598
454340
273795
239490
235916
481421
253927
251787
247587
459111
265341
249242
245513
469843
252613
257439
247037
448913
254561
245841
255207
475912
253059
246130
247911
453103
255713
257624
259816
477320
253419
241893
243159
488890
245906
248168
248518
492146
250909
250625
243237
500740
247476
239275
249118
507035
247205
240325
239474
818441
244715
226593
242665
483964
250166
255846
257850
447601
263181
265992
253474
450677
258892
253085
250139
454420
260580
252916
249772
456383
256068
250552
247772
461775
253515
247158
251573
453834
248877
244475
236284
481949
256970
245620
247935
487020
262039
233601
240802
467923
260390
245792
244806
478704
254444
253869
249464
451123
256884
256860
249344
461381
256161
256900
256443
488945
252606
247755
246694
829582
261404
244484
242835
473052
257157
247637
238738
498860
257830
245082
257103
450007
248459
252554
257734
445360
261692
261282
242860
464337
262136
254808
255282
464290
266875
241531
240094
490496
262017
240444
239625
471399
261036
244450
243204
482756
253774
254412
240483
485602
254946
257342
246442
461546
268832
258517
254147
443645
252386
250463
255667
441457
250365
258508
247677
454021
265269
257073
248841
923587
264313
241082
245396
476964
263314
232985
248456
473661
252427
260737
237238
491534
252805
226423
245074
495155
249795
248112
237600
505619
245013
247190
240145
481191
246026
240916
244955
494114
251192
242892
242929
496154
240815
237923
238409
504387
242762
241180
242020
477436
250878
243292
238923
496867
243482
237542
245540
502076
248881
243332
245073
477150
260059
244536
246847
490515
256267
251517
243938
869136
260449
248506
252095
446241
243716
272042
241295
466618
248367
249593
255054
437243
259223
266371
263408
440521
267363
255197
259944
442911
265879
260057
269749
429212
257833
273724
264887
395766
266975
267579
261778
397135
266568
266958
262424
402788
262918
277574
265602
415217
273780
255778
261215
425122
267212
256621
260815
446182
268675
254812
265140
445952
266263
260960
257433
452611
262844
265364
264286
709286
268748
259443
253747
457356
257179
255907
249443
462690
250797
264496
243556
469643
250912
245808
244510
478530
250222
245160
246310
485160
248014
242694
243119
495971
248473
243430
245883
469418
253838
248254
250704
476203
250964
251284
246881
486508
247300
244066
244789
492728
250063
242269
243895
476935
253418
254190
257727
471904
253049
251362
256781
454931
264943
257605
256787
457900
261588
255466
253770
