2510975
110795
123595
164240
489756
170930
186251
204396
515808
223784
228273
228502
491636
234779
227610
232899
493800
233998
233607
231350
497415
235732
230080
229865
501997
235396
229174
231259
502123
234096
231707
228895
506981
232393
230763
234225
483109
240617
238413
232176
494785
236318
233664
234945
495715
233744
233411
233817
500835
234656
235375
234653
505039
235321
232370
232118
507021
237328
231542
234064
1115045
235566
234250
229025
521400
229469
231517
232447
488013
234520
233219
233480
493143
238226
233456
234621
492323
235862
234253
237313
494095
238100
236468
236438
496229
237509
235583
232828
498894
236062
232512
232296
500609
232595
234037
234067
499485
234672
231656
231074
506631
236382
236992
239079
474070
238580
237726
236579
488890
242286
238888
236251
491759
241261
236571
233985
498263
240016
235880
233258
1145343
241189
233506
232509
510360
234906
235116
236117
478400
237711
237815
234582
488326
235287
233541
234505
495054
233793
228397
231264
502538
231476
232154
230049
508313
233312
232752
229621
509211
231686
230602
228539
513683
230073
229199
229614
512385
228862
227812
229549
515463
228957
229677
230782
493173
238884
233408
233006
501623
235275
233335
231564
508369
233534
232420
231093
513121
231627
232627
231521
1243078
241659
237375
234422
491514
236840
230779
228917
499015
235279
238518
236915
470945
240925
238553
237490
479020
239701
234998
238610
486454
240718
239553
233667
493152
236325
234233
232386
500538
230914
234624
231864
504575
233010
229492
231471
506534
231856
225532
230943
508987
233568
234521
235677
484979
240852
235579
236871
489729
237852
236599
231321
502525
237421
233736
230767
509423
234186
231596
230361
1173869
237825
230367
229940
525572
233184
235808
229950
493980
235018
233800
233617
497572
235568
234223
233863
502096
234909
233521
233405
503461
231978
230967
233710
504908
234984
233545
233675
507756
233898
231318
235148
506978
234341
232928
229745
510170
231638
238428
237164
482312
238440
240440
237769
488215
243103
238483
238097
492766
241577
239210
234734
498071
242395
235312
236329
496929
240058
236137
234149
1112940
243409
236041
234555
508857
235735
234467
228495
509115
233227
230619
229474
512419
231927
230572
226807
517337
234151
228478
225577
522257
231446
232243
228787
497361
240152
234573
231723
504223
238735
232926
232841
507045
239549
232425
233565
512906
236999
228967
240426
505842
239091
232369
240241
492671
245334
242942
252131
455470
248306
249442
243229
468489
250855
246093
246297
472132
249631
239018
242918
1114438
256907
255224
243308
478421
245728
244710
237331
487175
252824
239523
251612
475750
248418
246722
242659
478501
242717
242691
237138
492944
252845
251378
233730
475455
256156
246446
242807
469753
247624
244727
239394
477166
248157
243696
241202
477417
243227
241258
239728
481740
245615
240784
241276
482774
248628
242842
240404
485522
243835
241652
240142
488387
248584
245881
237595
488542
241856
239241
239251
1044849
242806
237340
237268
490101
238303
237004
235694
496301
240104
237077
237138
491763
236633
236388
236717
494643
235892
235975
235948
498354
237939
237727
235628
501231
236831
235957
235079
505907
235115
231198
234150
510233
237478
233913
232300
515885
235193
230719
231648
525240
236152
232259
236690
496542
246408
245931
243627
465553
253748
246041
247744
457590
248706
255634
252672
428896
255830
253467
247782
1163973
247329
248624
240864
482069
249672
231997
238845
479244
247842
240960
241128
470456
245231
241693
239393
478369
247025
241378
241211
484738
246848
241693
246791
474667
244099
245527
248088
470308
248926
244733
244641
469342
246834
245271
241976
489788
267380
202744
256266
498197
241701
235677
237233
482363
252059
244332
242331
489341
246334
239976
240311
498630
246110
246685
244497
493637
242380
243953
244001
937378
255778
250033
239723
499499
244785
233400
243093
484675
242110
234858
240071
486197
240870
238798
244328
482738
251579
240770
247938
475671
249057
233651
243658
452708
256707
254170
244011
485080
243869
234364
239575
474822
250353
245613
256792
430626
240257
257959
242245
471024
246615
239851
240473
478576
243389
238079
239300
478400
240418
238493
233175
493246
242126
236645
236737
497574
234198
230500
234039
1268495
238243
232963
239985
500822
232965
229411
237799
494432
231918
234218
229306
501281
230413
224361
230084
508821
229741
229701
229596
511176
227398
227540
227851
512571
228790
228691
228733
514617
229343
230006
228410
518617
228036
229351
226982
521109
229730
227028
227011
526879
227630
228384
230481
499458
236430
230795
231776
509327
230820
228447
229080
513832
231781
228699
227506
513294
228310
230599
229360
1191461
233523
226486
232295
525677
227108
233711
232123
491343
233989
234463
234295
495204
239015
232594
236823
493723
235654
236482
236901
494327
237611
236725
236398
493588
235661
236778
236153
493198
237618
237793
236669
498816
236336
236567
236783
498519
234237
233781
235779
504346
236319
234504
232032
507670
234646
230911
231361
512549
232800
233542
240643
504016
237319
236549
229868
509710
230669
230704
234490
1108046
235723
233303
228403
522731
231686
225190
223540
525852
227356
225321
225180
530894
229478
223095
230059
530764
229754
224276
232811
523713
233165
228230
234027
522205
236201
226690
234570
525132
235031
219495
244170
506234
228280
213464
260548
479363
245745
232154
238899
477843
243779
250064
245030
480577
249732
245674
240192
483202
239917
238295
237465
486283
242473
237220
243251
484307
245393
240284
241642
1132358
244564
242391
246619
478302
245198
239846
242728
479631
245972
241431
250043
468262
248198
244341
246160
466639
247973
245074
251856
463294
251595
251443
253545
434622
261188
259642
256453
457957
256657
252348
255625
453498
260891
252280
249514
458412
251746
254666
243242
462039
249584
245569
249021
458790
247400
246980
241731
463820
252405
244844
245793
468376
255476
251599
245123
472388
250954
244689
245350
1060063
246146
242686
242160
475297
243079
243162
245298
475507
247413
242372
241139
481871
246567
237911
239842
486344
249136
242586
237427
487890
244327
239689
238204
497242
241624
236846
244274
477715
234599
242473
244108
480826
243701
242103
240305
483644
246506
242487
236285
484793
242940
238133
237418
489750
240924
240433
238952
499443
242753
245533
242325
494803
255659
248100
241745
472736
250076
246968
241692
1153918
254064
253159
246379
441332
260677
258138
257795
437050
263076
253944
247302
438669
249019
263739
237140
467734
250287
234855
240569
512330
251680
222644
224278
512364
230551
235867
240438
477998
248139
242371
240776
482638
246395
242183
242885
482423
244124
241224
241075
490012
246106
242378
236652
498437
243586
240563
234930
508277
242143
234532
233819
513025
239184
237804
233250
517528
235519
231212
229114
968546
237712
233070
226950
535018
232731
230847
231213
499197
235595
233632
233890
506775
238128
234567
231653
506888
233998
231909
231158
516982
232967
236904
234463
486749
243702
238350
239226
489021
245131
240674
239008
489673
242257
237173
234877
496505
240978
239001
234490
502702
240932
233105
234421
507136
236887
233667
234297
514517
236496
239490
239055
482814
245382
235974
240949
483201
247240
244548
243340
1078638
248191
242124
241113
490661
239281
235871
235945
489322
242421
235698
237026
487597
236449
239150
243650
458400
247602
245878
245917
469511
248066
246104
245749
469161
250553
243385
244282
474658
244465
243355
244888
473147
247688
244368
241160
476389
247824
242813
242333
475751
244095
241824
242994
476421
246908
242792
244697
483647
248649
239808
239814
489758
249287
239980
241165
491772
245123
242329
236153
1112327
245289
240242
233018
498868
238085
230132
234596
498957
234981
233160
232331
516564
254935
213777
232161
495645
246971
246345
248302
461278
254028
245567
249657
463758
251626
247426
248549
488147
242582
239322
249092
475334
244186
244457
249861
470477
250874
240779
237596
490049
244655
240631
241936
490553
244923
239330
245309
485957
250551
235326
247787
479347
252997
233236
240237
492594
244954
245156
251216
1005876
253129
244507
245206
466959
255632
238567
243063
459108
251217
249225
259317
421491
249401
258952
248021
457162
249058
244775
242289
458989
247897
240698
241160
468737
248506
241420
240342
476345
244065
239334
237313
483035
241804
237899
237298
494218
236074
235265
237115
492354
239312
234634
240298
494370
239778
236287
236919
495561
237998
234977
232320
503908
234150
231462
234049
501239
236242
232091
230638
1256203
233400
232196
228376
519423
230117
232073
229918
493337
234219
233241
228370
503541
235225
234685
235444
478742
243927
238508
238493
482538
240807
238220
234661
494936
237825
232405
232307
502785
233133
234146
232958
508894
237765
231168
231502
513045
237865
230967
229194
519914
236086
228039
235599
514853
236828
230715
226966
522870
236983
228187
231201
519540
236618
231732
231979
516329
237653
226868
234813
1164789
235003
235212
224798
531228
234250
225056
230252
527122
231757
226502
231562
520060
233011
230818
232286
519125
234916
229938
236844
512277
235714
231934
227512
519196
234046
228910
227947
526742
228083
226812
223732
538564
230665
228377
231842
507723
235489
232993
228963
516569
236974
228306
230947
519585
234088
229900
235774
511762
234281
234036
234254
510765
236939
231879
232163
514962
237433
233456
239342
1051271
238416
237498
229165
530491
233922
223061
222977
534700
229425
230661
232256
500690
235559
231633
229707
508541
237970
231636
231719
515525
237548
232275
228602
524020
238218
239471
237532
495144
240584
238493
232056
501555
242100
235213
233854
502479
237293
231963
231642
504886
236062
236359
231186
510890
237358
230259
229243
520760
237179
240201
236742
487709
240785
240297
238971
491418
241516
240727
238954
1079086
243597
238841
238144
502118
241061
234049
234749
502843
236051
234586
232025
506739
234304
231268
231101
509644
231483
232124
228285
517724
230514
228959
226307
525482
233763
234814
238319
490392
245690
239075
238352
491522
241358
235256
237315
494821
242094
239056
236533
498723
239349
239310
230737
504837
239414
232789
233197
506978
237528
235109
237368
503615
238965
237556
228533
511635
236362
233077
227184
1120185
235719
234295
227364
531215
232751
228433
231587
489797
239791
237022
240581
464561
248527
242561
250439
459965
249278
245661
241240
467962
244794
243342
243546
470713
247835
244317
244628
467005
245629
241791
237243
474961
245074
238039
234674
485576
242772
233918
234648
492106
235902
231726
229323
519555
251228
198894
239305
535192
229808
224897
214701
535088
235983
230426
233169
536141
235918
226533
230179
1011952
229820
225551
232507
533286
232546
230447
232532
494511
239815
226715
231580
503156
237708
233147
231679
510894
235223
232807
230726
514178
237306
227595
227285
525128
229179
225669
235844
520385
232248
229418
236491
514534
232317
230425
238994
500580
236862
244711
241797
495357
240130
229662
237926
475362
248815
244736
241227
465488
229673
269753
232416
478389
241667
238469
232873
489807
237267
231676
233036
1390944
236989
228600
232317
504533
234239
230462
224333
516219
228243
224619
222988
525518
225991
223248
229432
521841
229873
227361
232551
511085
228251
227343
230879
517093
232784
228806
225023
523290
226867
227197
220214
535627
227312
225175
226635
507553
232607
226554
224073
524319
228291
231438
229111
500837
239551
220315
239718
494562
232239
243453
226762
511094
230806
236944
230994
491839
236661
234382
233451
1243087
238162
230950
233471
504824
232536
236394
235997
479041
241696
233846
234540
487260
240708
233312
232500
499045
237490
233536
230931
510702
239911
236680
234150
482030
238381
236116
235371
494829
238617
231974
233715
497275
236772
234345
234133
498195
236567
239298
239980
469090
245144
239827
240406
482930
243337
238279
240074
486417
239464
233959
235616
496949
238408
238070
232176
507574
236533
230674
231848
1169647
238781
232599
231943
519985
236050
236129
232914
490756
242356
225414
233574
496769
234505
245719
232137
503847
234109
228428
233245
510580
235414
234022
232913
514507
232364
230421
226211
525716
232880
233245
233871
490615
238205
236349
237340
500621
238944
235157
236972
500459
238528
235324
230879
510755
239432
232305
231858
517044
235776
233458
227802
526417
231430
233908
235543
507313
257641
207727
251470
953145
246077
241893
242485
503266
245824
234227
234578
482478
247094
231451
234519
495765
242618
238154
245568
479613
246648
236683
241000
485358
246175
237691
244097
483962
241934
239615
241108
488334
245743
242026
238492
492013
245253
240650
238805
497469
244915
233636
239843
484355
251048
244692
242656
480198
246363
244512
236058
490533
246019
241171
242132
465512
247074
239504
247859
467050
249484
242504
244375
1192892
249262
248053
241077
483193
245587
238952
234497
487988
239681
236213
234272
492320
242347
239834
236830
494696
238698
236772
240559
488889
240863
237831
234109
494794
244461
234563
235840
497305
239526
236481
235464
496328
237384
233267
234857
500496
241122
233562
234887
501237
241109
231999
235270
502598
240096
231876
236897
499793
239690
235713
234053
503124
238574
233052
234942
501901
236983
233168
235031
1118569
239383
235648
232111
513690
235312
233266
241522
478405
245000
239089
236493
489326
241512
235690
233367
496406
241825
233220
237095
494526
239164
235865
232033
500419
239424
231065
235262
498316
238295
235168
233628
500826
236975
234731
236117
501032
236377
231835
234618
502646
232801
229927
232973
503124
235638
229218
237656
499751
235700
236748
233774
503133
237877
234588
233773
505858
236658
231541
233496
1148307
239050
234179
231899
513724
231625
231959
232163
486399
238269
234474
233972
499273
236553
233932
234521
501389
238353
234294
231912
503908
238503
229646
232445
509111
236705
232282
247062
479863
240401
234496
243098
480013
255316
242381
243272
480815
250179
238545
233900
491851
241548
239696
241829
491081
250521
246251
242152
490405
245858
235649
231022
503338
241814
236378
239649
502149
249590
237517
233134
1099531
240697
234583
237434
510808
244310
227860
234445
509274
235751
225663
224544
495495
236729
241563
241667
487922
241083
233553
232737
499957
238195
232395
240411
492978
243778
232627
230639
505069
238044
230079
233044
510617
236083
232849
228091
521668
238340
228254
223510
531453
236599
227539
221289
545002
223958
228020
238641
499119
236621
233115
235467
502245
235557
235007
241291
498165
241224
236385
232796
1137242
239042
235549
231556
513519
233683
228829
234373
504064
236811
232674
229693
507704
234078
232340
228376
516873
227925
228829
238308
490058
240411
232708
230041
501746
234564
230972
237126
501601
243575
238660
230717
509185
238336
224864
223914
522542
236766
234176
237357
486396
238384
235945
237622
493107
238365
226699
234634
499842
239290
237030
233696
505221
240094
226282
228074
519361
238060
227240
225802
1177571
230461
227175
230805
528916
234656
227999
225320
522513
226070
223456
232764
517103
229329
230500
236032
510392
232613
231050
240203
500338
233974
233115
239628
497772
234545
236195
235638
499396
239923
231698
241834
497819
235790
234596
239046
476089
248276
241264
242173
502419
236976
231686
239908
481332
248327
242639
239758
487208
243901
236831
239280
489556
242627
239768
235581
482526
227182
273839
228724
1328572
247455
245308
236531
494412
243286
235489
240486
485854
244014
234808
242972
486567
242729
235978
241444
481703
240730
239624
239503
482130
244254
238414
243442
480248
243581
240806
245809
474387
242872
245113
244485
475584
243488
240892
248808
467949
245220
245198
245993
473451
247774
242094
247870
470126
251649
242651
249262
468604
250870
245052
248618
469991
252408
241022
249693
467142
253924
238416
242910
1120006
244980
238744
237932
505816
242854
232567
234768
498313
241349
229479
240381
488311
238548
235692
243539
475817
243080
236064
237831
485414
241231
236521
237832
489505
236161
234161
239539
486243
238061
232847
239145
490966
238601
236223
233549
495863
239835
232803
236702
493332
237167
234385
237546
494632
239550
233794
234293
499756
238961
232189
235771
504692
238223
232257
232978
505119
237247
234245
233843
1143237
238449
232774
233747
511466
234478
233531
234701
481261
235961
232161
237531
485007
236084
236366
234997
491721
237089
233269
234334
500566
233619
233417
233055
506900
234553
235829
228446
514252
237347
230479
226731
524061
238180
225653
226174
525203
234485
226894
232607
520654
234807
229774
232367
530166
236899
222813
238673
496534
235658
231871
233139
505894
240362
241099
242251
475634
247889
241697
243434
1038829
240675
238984
234268
514944
242086
227830
238768
503330
236439
228998
232481
507937
236111
229839
238411
498974
243709
235087
237425
501131
244763
233697
237422
494276
238442
237734
240397
491504
246387
236956
245188
482172
245966
234224
238138
491454
249642
236293
239343
490047
249001
238180
243189
487042
244554
234221
245218
467205
249222
241869
241834
468481
249457
247541
243117
470015
243362
238079
241231
1306574
245287
245175
238326
485926
240561
241475
240354
455253
245256
243967
241922
465680
248610
242005
244323
468289
241772
240865
240478
493345
243585
245708
230432
469729
223249
255689
239825
478213
245031
238358
239311
481254
241635
238725
236502
491935
257563
218864
261106
435876
239526
274941
249746
433924
262968
248250
248400
470828
252557
245273
244494
461749
252542
251843
234684
482629
264826
226455
252865
1144216
243630
235019
235534
499099
237688
240354
237506
469121
239766
234567
239136
474035
242561
239423
236220
483974
242400
238904
243753
454462
248254
241984
248173
456362
250374
248340
246132
459015
248296
243907
245023
461346
245659
244448
243129
464860
245407
244178
240519
472443
244348
241935
239377
481970
243042
237973
239427
490124
242231
237067
239433
496281
237898
233805
231341
522439
256135
212885
228474
1021829
243844
236161
235428
500809
252443
243268
245438
485764
244483
230509
229021
501562
239229
237231
240835
491176
241599
240759
242396
485061
241911
240676
243066
483696
251081
239609
246268
478365
245966
239801
245586
481983
251567
232589
238108
487383
245122
235341
241467
499988
222824
242843
236188
495155
232745
246276
229011
504042
233914
227013
236436
500387
232697
230808
237401
497209
236630
232067
239112
1306170
248949
245130
239080
481556
246182
235763
236423
483775
236667
233213
235496
490294
242836
233658
236062
490426
236144
235821
236302
492222
238976
237237
233004
497658
239516
237669
235969
500349
239145
237105
233631
500358
236698
233297
229328
508336
237530
230576
229016
513550
236434
229384
228491
517032
236665
227660
231374
517824
234285
228777
227264
521844
233119
224711
227697
524410
231113
225434
224567
1138525
230207
227683
220649
541749
223639
223822
224083
508832
229643
230578
231269
490176
236584
229754
235239
496511
235453
234095
235276
497073
236191
233949
231431
503337
237407
230600
232811
503540
232784
229450
233644
502022
232216
231763
233524
505481
233008
229207
233769
507286
233271
230184
232171
511954
234343
229009
234472
511404
232513
229845
231826
513625
234140
229500
230018
518036
233135
229775
234483
1154186
236136
230208
227668
520652
228161
230856
227657
499989
235198
236513
233417
472619
243846
235852
238058
485145
240704
236123
235818
493469
234910
231829
232046
502443
233986
231141
233276
504558
236016
232057
230410
509706
236943
231898
231917
510658
234127
231627
226546
520717
231546
229017
225489
525869
229784
231048
225705
507485
234556
231894
228199
512011
232383
232749
235683
490448
243318
236395
235194
1224612
243280
238466
236996
505892
240860
231901
230796
506902
237044
227698
239218
492787
234908
234989
233142
499746
237245
234058
233365
501994
238346
234015
239181
497857
240125
235545
241558
493760
241012
236360
243335
480417
239915
242608
255690
443464
255440
241318
246868
477190
242100
244055
243522
477510
243628
240097
238975
484412
242669
238512
238223
491930
239873
238987
236224
494801
242093
234671
237173
1150561
240330
237318
231357
508769
235234
226788
227770
511094
233173
230702
224904
513785
232322
230517
223097
526767
232596
226369
224667
529428
228200
231570
231960
500326
238642
234097
231898
503339
235158
234452
229730
510641
235053
233166
225613
521253
234814
233060
228814
498182
241474
233761
231433
509024
235002
230319
230265
513106
235765
233130
227168
523483
234182
229108
226568
525237
230815
225828
224124
1189494
232121
231493
231377
538168
235971
225123
225968
530167
230027
222880
230547
520590
231134
224233
226614
522595
228844
234156
232115
496417
236447
235720
230804
503192
235161
232278
232924
507209
233892
228042
232714
511913
238889
229968
233699
513179
234515
231193
230553
515338
234397
226574
230397
520324
234553
226358
227755
524640
231195
227776
234542
522248
232180
226673
226232
526659
232312
227355
227946
1091644
230001
228640
225303
539044
223872
228713
226257
505696
236194
239290
235164
483409
241333
238996
238967
484407
238534
237611
236696
488610
242403
233976
240268
484437
239154
237195
239082
488808
243501
236574
240045
492038
241036
237616
239804
489477
238779
237619
237609
492912
241945
234951
237672
493477
238774
238601
236157
499945
241951
235203
235773
497810
237449
237173
234952
497931
238128
239927
238765
1184227
249068
243935
241364
481569
246516
236750
240140
478381
243664
239006
240332
482154
245768
237868
240145
484073
244223
241344
239395
485257
244201
238862
237748
489449
241059
238162
237848
490936
239230
236183
236605
493991
239040
238931
235133
497886
238534
234370
236734
499612
237494
235286
233921
503329
236373
234911
230247
505172
236974
237575
239337
477761
240805
239217
241921
473239
243461
240454
237283
1164183
245562
245436
240518
511148
237709
232268
235412
482825
244515
243124
246896
455835
253854
247537
249836
458580
251568
246300
244074
470933
252554
248186
243108
468589
249811
245404
243949
470438
247949
245601
243315
474368
249113
246092
243622
477879
249952
245034
241224
477187
247789
242772
239604
480030
244793
242202
235222
488695
246501
238555
236978
490346
239427
238406
236128
496753
242009
235342
238462
1091109
244471
238541
237310
511344
240308
231625
228537
514362
232488
230394
228918
515966
232231
229203
224833
523786
233695
235560
231135
496772
240926
232895
233492
503813
239601
236509
232082
507503
236197
232582
227832
514371
235695
228309
226840
516893
232657
234830
237214
483204
239640
237508
241290
484062
240271
238522
239983
486289
242760
239744
240531
485643
240580
240162
240014
491821
243053
240805
239622
1114911
244979
241427
234859
503711
240122
231476
231994
501977
234020
231785
232336
503062
233083
237955
234500
483075
243457
233898
238624
485306
239019
239898
236290
492873
240529
237695
236295
493957
239051
236938
234440
500305
240694
233250
232546
501630
234665
233014
231101
506420
236318
233855
232941
509491
234402
229435
231312
509265
235166
236091
234934
486534
240347
234000
238728
492851
244951
237178
238035
1144422
242278
236127
232080
510453
236252
234828
234290
483168
237209
235521
233964
492293
238100
234473
228569
505546
238488
233329
229435
509518
233684
235806
235903
481077
239292
233960
235343
495437
242305
231104
233747
503814
239112
236814
234468
505380
237132
232037
228467
510502
235838
229068
227483
514345
234454
237062
231612
496400
239786
231510
233933
500739
234455
237263
234311
501405
237368
240622
235362
1261904
246755
242130
238910
481709
240438
234205
233258
488907
237428
231861
232742
495455
234468
231381
227650
507955
233467
230927
229402
512127
232844
232866
226888
520124
234446
232540
230377
497438
237328
231879
227429
509139
235809
231514
229055
511003
231617
237218
231804
491073
242949
235834
231446
503921
240469
233689
230316
517255
235720
231009
232690
512125
236711
232534
226760
512656
230031
229652
228671
1189547
235422
229382
232311
522409
231415
228541
233291
487803
238269
234306
236519
490455
237279
238151
237705
493982
237942
237546
237197
495794
238892
233187
238673
499022
238882
235284
237742
497059
238031
236108
234585
501823
238410
234968
243759
492171
238965
239828
244087
485499
241161
240778
238145
489961
240634
238725
237651
491812
241705
235559
237843
491498
238825
238332
239279
494672
237994
237754
236646
1119925
243567
233546
236181
503630
235520
231031
234617
500851
233179
231863
232465
500149
236429
234549
230418
504532
232917
231882
231887
502443
229918
231993
235021
507019
233348
233971
230192
509438
233622
236212
235835
483456
239376
235096
236589
491492
238099
237193
236701
495702
237631
236969
237299
498903
237708
233198
235635
501450
237076
235491
234300
504573
238430
235624
233127
504762
235089
233363
232598
1151528
240805
230602
232888
512996
231579
236614
230734
488394
239574
233136
233564
499367
237691
237039
240322
466528
243987
237848
239127
473733
243926
238255
238749
480424
241312
239152
233268
494207
238028
232839
232010
504048
238291
233716
230220
509893
238743
230003
230243
513828
235530
231636
227340
520572
231177
227426
222695
530018
231361
228016
228354
505849
236054
234227
232409
510505
232062
231540
229844
1185846
236444
229488
230249
518727
235824
231936
234754
483744
239425
236339
238425
484460
240723
238531
240604
482816
242809
239143
239338
482857
245528
236366
241326
487336
244039
239632
239752
484705
240792
239545
237953
493354
242901
239360
236671
492821
240611
236536
236109
496503
239471
238316
236693
500186
237532
237149
234891
504312
236519
241274
239393
476919
242986
237947
238260
487387
248193
238990
240082
1110182
244723
240789
236778
495918
240672
237433
242040
467961
243816
241225
237343
476593
243769
238279
237722
484826
243428
237514
239396
487887
241066
239446
238302
488928
242307
237199
237216
491785
242297
236725
236645
493211
237645
238185
236161
494079
238201
236250
235526
499146
242420
241623
241612
471907
245287
240432
241728
481093
245113
242051
240812
486129
240777
241709
238237
487349
241563
238706
237752
1149794
245648
239783
238541
496352
244542
242425
244557
460007
250057
242967
247024
466105
248434
244138
245723
467065
247302
245660
246285
466131
248543
245686
247931
464676
249749
246504
246234
462510
249575
245840
246840
467847
253430
246606
246463
465991
250975
247513
248759
462828
250367
246985
247196
463396
250835
247097
248429
461339
251140
248056
248969
462245
252597
249468
249312
460607
249936
248634
246022
1118211
251636
248661
244072
470476
246643
240412
238777
479523
245998
239780
238039
486535
243225
238804
238368
484873
244261
234769
235102
495104
242546
243041
241188
468039
244665
239219
240282
475894
246528
240635
239367
484289
244414
241412
236994
491248
240042
235800
236063
495849
240389
237235
233987
502367
239568
233184
232554
504027
238410
231928
233003
507938
237915
236785
241532
480721
241149
240307
240858
1184331
243921
245863
235370
497035
242890
234893
240490
466482
243729
240968
242240
471876
243627
242567
240991
478991
244212
238972
241107
481766
243591
241560
239495
480724
242516
242232
240417
482521
248952
238175
242304
483619
246047
242107
241789
485700
243632
242155
237426
490894
245372
239868
237903
493098
243449
241068
237117
495674
242496
236958
237743
495681
242660
235865
237937
495477
242095
238665
497029
1114635
239303
237381
231313
511323
240613
235493
234941
480563
239963
238244
236999
485797
239871
240590
235131
490761
237929
239676
240917
461835
247455
242806
243295
469781
247285
241742
243439
500448
237294
234207
240981
475587
242242
241572
240294
483357
242899
235564
239954
488483
240935
238562
238460
490846
240531
241233
242187
463898
247763
245246
246915
470294
247769
241388
244124
475178
246744
242243
242816
1176336
248018
245387
240817
507448
238126
230355
236333
474982
245226
237958
242279
474172
242213
243627
242381
497791
237739
232161
238827
474826
246574
242692
241924
496979
239051
235898
241300
471714
247641
244076
243362
470625
244365
242546
241902
481151
243493
241096
242506
502321
237456
234328
238914
477665
245692
240481
241620
486326
244337
239789
241769
483837
244106
238847
242396
484101
244099
241353
242263
1103379
247862
242778
238128
494829
244221
239141
240185
464660
245655
243550
238317
477322
246752
238627
240808
479746
242875
239181
239223
489039
241257
242092
244968
458543
245330
244087
244124
467046
250956
241893
243840
473378
248506
239787
241052
478931
246080
240054
241873
484078
242394
238366
240430
481197
243446
239083
241850
481621
243134
242583
240272
483517
246567
239695
245963
477128
242470
239409
764187
1180196
246218
242663
241411
512118
235541
231306
237051
474437
241339
242381
247719
447335
252260
248313
248392
452273
251643
245331
247627
454531
250613
246263
248270
466635
253004
245107
248814
471373
247726
243861
240810
477206
244881
243896
239431
481930
243095
239687
238889
485306
244069
236794
237489
487919
242681
239821
239065
489943
245761
241797
240234
491827
239714
239524
236772
492197
241585
237722
234947
1114957
242048
238080
234238
500438
236413
232491
232589
500278
236171
237287
236478
478464
242032
237557
237294
485360
242007
237449
238276
485184
241956
237446
238419
486880
240495
238644
248901
468499
254003
244727
245071
471745
251351
243542
246205
470576
248931
244088
244519
473804
250556
243308
245429
478727
246968
244408
244645
477332
246207
243079
243852
478555
246141
243003
245661
482059
248193
241046
245775
1051666
248997
243247
233363
507570
224063
245851
208643
548691
214685
221852
237706
475129
217217
243001
233414
484295
235610
235894
233624
488623
234591
239158
240375
465246
242728
239996
245492
463885
240876
239912
244198
463478
242770
241165
240919
469329
243681
242845
242105
469463
246078
241122
240518
478595
242649
236603
238905
485360
244670
237734
239671
489209
238532
238099
232969
531801
254842
232449
238342
1310581
241602
238602
235143
502335
238444
232699
229534
507384
235890
234042
227070
512260
233560
233538
235086
486094
239396
237908
236676
491094
240578
235804
237133
492902
238682
237360
239008
491834
237757
236019
236398
494953
236568
235876
236178
497122
235933
234989
239246
493774
239090
237273
235945
494573
238137
235893
236063
494411
237936
241302
238972
471612
248229
242533
243331
477036
244859
238974
240415
1174426
245914
240501
241972
484585
244892
242393
242116
459913
251367
243739
243791
471344
250180
245612
244649
469820
249585
244566
242060
475073
245359
243291
241689
480480
245783
243514
239166
485767
244763
242116
238668
489169
246025
244292
246820
460580
246497
246417
245006
467113
249771
247213
241535
476977
247443
243749
243827
477582
245663
243418
242579
482166
245260
245298
242268
483980
242563
241466
242393
1094029
246800
242635
240209
489793
239825
239702
243163
460538
245825
240834
246340
464748
244749
243491
243668
470983
245435
241307
245975
475837
242596
241972
241627
480804
242689
241087
242954
476406
242126
239524
243943
477113
242405
242990
242371
477963
245396
241626
242419
477874
245649
240837
244473
475280
246542
242350
239932
484162
240932
238641
242973
483520
240158
240258
242812
482896
242493
242485
243539
1121936
245965
240161
237690
492554
237340
238024
241306
463223
247674
244143
242398
466158
244725
242639
243277
470284
243913
242004
240448
479959
242332
239953
237650
488537
241478
239685
238349
490111
241724
239534
237234
493032
240557
237727
233989
498125
238415
238066
231757
507655
238150
240679
238234
479959
242942
241964
234846
494112
243976
237952
235518
500358
240457
239513
233622
502717
240323
235760
236508
1145718
238284
237940
230808
515738
235693
232057
238531
478475
234799
236947
235858
488735
238809
233741
238152
491025
233591
234412
231447
502764
235854
234814
238926
474061
241592
236179
240576
483238
244440
242484
238251
487509
238807
235886
234818
496228
236688
236142
231564
506787
236434
240201
237313
485317
242252
237638
237258
490402
237373
237492
236044
496667
234103
236363
233138
505152
232702
240164
240096
1222981
247075
245566
236902
492118
245197
234883
232923
491532
240328
241161
237339
469254
248576
241177
241507
475954
245585
243188
236936
486097
240614
237605
236943
488245
238898
238350
233242
498597
238167
239625
239870
472882
243655
238961
242310
481566
244472
237495
239459
487624
241578
234766
236118
495702
237397
235128
236293
497465
237531
241133
240744
471427
245945
241663
242935
474333
242615
240337
241252
1193977
246988
244389
237851
496648
239949
240122
242279
464095
245558
239886
243505
469293
244322
241268
245541
471520
245581
241781
241321
481487
244124
240599
241339
479460
241242
241004
241858
480565
243866
241121
240508
485711
245308
238791
242338
482592
245606
241075
243452
481517
243360
240776
237234
484717
243666
242065
239178
490002
243823
242860
237549
495444
240822
237920
241018
492086
239884
238808
238729
1119867
239028
240049
238226
497411
240322
242268
238560
469358
241210
240902
240930
478542
242951
234911
240766
486428
244193
239714
236693
491062
236917
236217
237490
491941
240577
235993
238260
493239
237283
235126
235657
494239
236653
234385
239300
491127
236515
236213
236742
495254
239373
237942
235247
497095
238756
237625
236169
499826
238339
236400
235531
502970
235733
234830
235710
503062
234778
239762
240991
1196897
246548
242220
242359
507994
236618
234088
235161
478426
240802
235676
240083
486344
241644
237270
233884
492537
241982
239389
243705
465949
245816
244199
243728
471682
246128
240072
240920
481846
247835
239114
242348
480857
243070
239830
242847
483801
242816
238337
241156
482277
242307
239509
242531
478467
241266
238058
243178
480880
240118
239979
243757
478114
243015
239280
242487
480472
240744
241152
246678
1109091
246466
241846
240726
495878
237646
237370
236555
489988
235535
237003
237295
493529
238630
238120
234553
495291
237243
241721
240321
471864
243657
238880
243274
472258
244911
241444
241623
481414
243139
239406
239975
487371
240199
239664
241338
484781
240261
239636
239321
487667
243114
234818
240487
488249
242793
234783
242201
490059
241616
238558
239717
489575
240462
240486
237996
493288
240725
236062
240697
1127193
244385
239994
237914
499632
236801
235929
239287
471731
243178
238569
241028
473914
242082
239651
240076
479247
241130
244254
247939
448611
251901
249115
250526
469695
240971
238118
241080
475692
242486
238592
242881
481545
241557
237632
243244
482203
239800
241286
239762
487780
239710
243412
246853
457821
248137
243946
248774
458945
249711
243621
248099
458612
247671
247191
247310
464028
248456
243453
248536
1268408
268865
249529
237694
484095
240679
234358
235453
484654
235978
242722
241070
458100
244639
239918
243285
465687
247327
241455
244535
467224
244502
241180
240002
471043
245144
243260
239478
479259
241289
235728
240433
485695
240565
235110
238021
487531
238114
243157
241864
460673
252443
244161
246310
459485
245492
242040
242369
471206
248864
242285
242431
471626
242747
242431
243612
473498
242226
240285
241667
1251591
245202
242412
238096
488899
241332
237750
241107
454819
243291
243494
245150
462751
248825
240083
243136
464271
245248
240520
241884
471589
246301
239878
241524
474096
246747
240448
243102
476318
241148
240283
239871
484513
240155
238249
236007
492765
237599
233660
236034
496581
237222
236817
231252
508558
234146
236942
236870
487686
242411
237433
238848
496828
239283
235384
233787
504793
236367
234668
235559
1165628
242776
239013
233618
520530
237005
224759
231407
518859
234053
228365
237351
525319
252672
204477
252379
502921
235988
227219
231588
517470
239994
241297
236014
494316
246645
235449
238210
502763
243963
244647
246365
490459
247788
239521
240698
498444
244358
240366
243239
495616
245203
239751
250651
489224
249550
241798
245493
486988
249715
234972
243209
482004
246508
256531
261753
438936
249940
261799
254734
1064847
253673
250429
240320
483562
246707
241029
243305
479595
248140
246296
239590
482060
241976
237799
237036
482293
243636
237815
241953
481568
240723
240248
241515
487512
243893
242416
241386
488286
243037
241935
240999
485999
244036
239468
245755
479411
247511
242240
249645
472821
252415
246695
253754
458003
251776
245744
246345
505959
267090
203698
254615
489542
238864
241041
234352
504499
241742
244549
242974
922842
253676
254983
246323
472238
233535
267980
259281
447422
253546
247180
240109
486153
241943
239527
238530
487419
243286
237042
237757
487425
244370
239737
237290
495804
241899
239474
232835
502483
240163
237347
236194
501844
236955
233316
229605
512776
238214
231206
231476
514203
233968
231951
235080
512154
238532
235641
230399
514043
237330
229256
230035
514401
235170
231788
228191
523627
235085
234242
237938
1128041
244556
242071
232422
506895
240424
235091
237404
475832
241513
233709
236983
487376
243631
236784
237627
492502
239995
237647
234056
496145
239308
231816
233035
496849
238289
235235
233437
503922
238433
236573
233520
506971
237448
233894
230318
508749
232983
231119
227067
516334
233650
231705
233690
491998
241470
233780
237118
497062
243676
236447
233795
499700
240346
234097
233831
504146
240459
237180
232017
1166262
238337
235441
227844
524212
234869
229577
227661
500103
235745
229098
230060
505541
231305
229183
227980
515652
226949
227165
228765
513826
228306
232293
231147
492805
234818
231667
235898
498562
233711
229322
233413
502753
232991
232492
230150
513410
231500
232338
235037
488579
238639
235289
237467
493274
237006
235681
232907
501824
234983
231084
230536
510861
231406
237406
236302
483472
241219
241124
236482
1236611
243389
240519
234618
508200
238773
230582
229651
507701
232361
231279
227832
509495
234054
231093
229067
512957
227679
233185
231595
489700
239682
233399
234480
499121
235130
234696
231185
506357
237627
232830
234151
507120
237453
233030
230859
511754
234029
232947
228088
518874
234275
230986
226820
523026
228648
225498
227819
527243
227112
230398
225783
508422
235479
228465
232099
512447
233071
232031
232282
1162724
234606
233906
226310
525970
230753
228805
227435
496382
235061
228721
234466
501954
230856
230772
226654
517060
233620
226233
227619
521327
235446
226299
224361
524992
231088
230029
231609
503540
236442
231805
231384
508700
234522
229364
226709
522076
236377
227282
225605
526838
233544
228087
230804
522305
232045
227792
225158
525464
227950
232735
229851
503568
235587
232585
232336
509119
229302
231447
228931
1204238
235941
232254
227143
527069
230487
235193
233517
492542
233060
233171
237055
491267
238182
235901
236470
492654
239222
233534
237071
496218
242393
235592
235845
497058
236058
235148
235383
495969
236614
234667
235466
496612
236068
234425
233384
497906
236569
240136
238241
477963
244653
239428
244300
481889
239795
238647
239019
490860
236842
237825
237825
497966
243158
237018
238045
499228
239166
236420
234671
1135280
239892
236207
234753
501985
236335
234658
238807
471113
239924
238386
236973
480019
239638
234482
238896
486639
237662
236861
237063
491603
234431
234432
235991
499014
234065
237983
240856
468506
241702
237817
244874
469536
244497
240415
242412
478568
240456
239424
238201
490123
240690
234967
239804
492310
236736
235763
234728
501141
234897
233350
236879
500637
233461
233664
236260
499623
235865
234970
235761
1163813
241861
234892
231562
522960
234964
229445
233397
492014
235544
228908
231663
499413
237193
230176
230879
506410
234112
232091
230901
507047
229981
229911
229005
511197
234862
238686
233106
490015
239738
235419
234748
499505
236744
230244
232666
508562
235235
230189
229394
512565
231402
228232
228232
514668
230677
229011
229411
518729
230065
234856
232638
492669
234814
233505
231925
501013
236289
238129
238614
1274605
248480
241686
240783
481526
241429
237570
234694
481876
236560
239041
242327
452322
248443
246467
245281
456711
249615
240764
247234
457934
247790
242277
244833
470470
251016
242834
243632
469761
248348
240357
240391
477707
244392
238026
239716
480450
240124
239277
233334
492605
241027
235607
233552
500987
235573
236643
230284
507720
232508
232524
226186
521001
231514
231967
231320
501386
238742
235043
229664
1247577
236529
233719
231294
514007
237307
229557
227070
514149
232518
232220
231885
491422
237616
233071
232207
499375
236700
232190
229354
505604
238968
236608
235687
483802
242450
237962
234666
491384
240875
232428
234927
498205
238636
235778
230737
508601
233236
235736
234738
486489
241948
235550
235897
494320
237509
235821
229505
506065
237794
236341
236914
483687
242432
235743
235368
492020
241246
235137
233494
1221390
238436
235836
235382
500647
240165
236972
239414
476500
241787
237290
238529
483641
242474
233999
235250
491735
244061
239381
234960
496831
239481
235662
236485
499427
236497
233584
234322
499369
237379
234734
232195
503823
235840
238411
237903
480290
242512
239922
238468
488312
239732
237638
235151
501294
240018
235760
236962
502312
239315
235247
231812
505693
237380
236487
231773
510594
237935
229783
230598
1154960
236138
232479
227799
520003
232791
232723
228855
491807
236032
230138
234036
498223
235516
239819
239105
472504
244309
239271
242367
473759
243223
241921
238419
480145
242668
239235
238417
485797
240043
243142
240772
457251
246491
242461
243504
463349
248975
243003
244512
468880
247938
240564
243804
468375
243046
240228
244700
470273
244205
241093
243160
472548
241925
241486
240616
478834
241867
237771
242966
1214711
247433
240455
238775
495815
239089
239238
239049
466946
244082
241167
238928
475056
243298
241226
236908
485013
240160
244095
243061
458528
248789
245710
243539
471529
249378
244441
242563
473614
244041
241825
239454
480152
244561
236371
238870
489689
243117
243082
243499
461038
249241
242980
246259
465405
246360
243023
245651
471452
245948
239206
242226
476809
243054
240740
240266
484880
243184
240873
240731
1173365
241813
242283
238617
519246
234598
228969
234641
484133
240597
240013
244063
479316
240721
234505
237097
486784
241330
239034
239118
488886
242368
238489
239444
487774
240809
239180
239078
486481
240911
243446
246061
458349
249494
244354
247249
485195
240328
240932
244872
486787
239773
233658
239523
487695
242674
245619
244312
487414
242198
237786
244110
461879
252618
248160
244785
472510
246477
243910
247396
1099749
248367
244744
241633
505074
235506
228683
236807
480127
243942
244462
245161
473268
241720
238523
247414
470648
245683
231850
240842
475645
245278
240801
240703
483240
244305
245660
246066
477576
243201
231008
240348
485283
243336
239687
241432
482132
243199
242961
239427
486711
244529
244611
246999
458672
251280
244313
252200
477704
244078
239832
240054
487440
243122
241742
240547
489459
242291
240889
895697
1125564
243544
239515
238979
498761
239950
240764
237750
474020
245867
238927
237714
483385
244143
240163
235553
489437
238855
245588
239288
466637
247041
241815
244379
471514
246538
244485
239811
481829
248010
240949
236207
492687
241534
239525
237483
492966
241867
235686
238436
489295
238555
237947
238982
490533
241506
234257
237410
491745
240689
236314
239830
493736
237890
236406
241374
490689
239592
237204
240558
1150944
244337
236371
235392
504301
234861
234195
241783
467420
240457
239972
243048
467439
243555
240345
240277
471733
245513
238942
242226
473637
243528
240428
237927
483114
244884
242652
246001
450545
250370
246231
246807
454443
250453
246484
246307
461768
249635
243042
245151
464303
246000
241458
242765
471407
244477
242183
241792
480788
245897
238842
237134
489315
240393
240205
234317
535711
253519
235074
238488
1291631
253399
243754
234626
508439
237445
233790
234225
483778
239092
236092
240115
481432
238858
242646
245279
456620
251242
244419
249025
458425
249562
245528
244495
464887
249573
245186
241914
474561
245919
240193
246917
473054
240625
240954
243501
478513
241603
240120
241355
476301
242556
242163
240718
483727
244272
240529
239127
484890
245211
238392
239592
487726
245741
238072
240265
490985
243601
242282
1223712
1106506
242202
236459
236232
505468
241041
235002
230840
507176
235092
239819
233841
484205
241432
241209
237311
486998
243681
241469
233703
495977
244352
236886
234614
498630
240262
238107
232360
502457
239374
232719
234463
506293
236528
234020
230502
515408
233040
228129
228851
520165
230064
225436
227500
526542
231066
225988
230266
524075
228179
236293
233465
496037
238266
238308
237137
498545
236686
237184
236408
1140196
240088
239239
234569
506053
234607
233447
238191
474979
240402
237853
239277
483575
240172
235410
237311
488999
239633
237021
232969
500113
238385
233511
229247
508633
236529
230270
229335
517159
238332
230527
229673
515655
230670
232602
231630
494431
237122
231733
234897
501481
234784
232281
233618
505770
234298
232381
231076
511818
232706
238175
236834
485495
238117
236708
236766
491282
237138
232021
238430
1202136
240437
240516
234304
504038
237452
237394
236357
474789
242471
236674
240361
485913
243626
240461
240007
484947
241933
238045
237116
489195
240632
239275
239539
488509
239969
238817
237146
491151
239810
239219
234474
496696
242260
241231
241389
469201
245278
239255
240537
479612
249525
243888
241349
482977
240740
240722
238985
485985
245167
240024
241381
488656
241179
238787
238323
490338
241310
239594
238400
1128760
246084
238902
237092
504889
237529
231245
231378
509646
237471
230577
232017
508379
234647
229093
228040
514364
232018
226651
230844
514538
232686
230477
230341
516142
232421
230362
226519
523353
231203
228516
231735
521084
231781
227220
229354
521794
227169
227988
234315
516445
232786
229068
228581
516544
230975
227937
227913
526413
232207
227442
228975
525876
230148
227565
224672
535276
228294
222977
223746
1162063
228144
221172
222542
546536
224468
223654
233655
496870
234577
232206
228241
512048
233485
230310
227405
518404
231632
230509
224033
526679
229772
231811
227372
505094
232676
231403
230390
512143
237954
230253
231897
512044
235648
232269
226796
514118
232109
229318
228012
516988
230232
224649
227081
525358
231620
229946
231604
499629
235353
230843
231877
509919
234660
232054
232430
515689
234347
229131
232119
1187563
237712
228392
230639
526953
233516
228381
223850
532934
228621
221173
234681
517453
227984
229397
235115
513862
235746
232246
229321
516832
233627
230214
228589
520295
232398
230156
229975
520612
231204
228950
234985
517143
235447
230278
229163
521814
232271
226883
228642
526033
231137
222903
234547
521905
235197
230183
239410
509625
235549
235528
236379
501448
235983
232772
233084
509454
239147
233902
234368
1110422
239869
231504
232122
517866
233034
232321
233237
490004
242475
238448
237981
489717
236337
236563
236221
492649
240425
234480
238185
491283
238488
237990
235401
495362
240417
236656
236045
497215
237594
236363
234702
498868
235466
236779
237376
495782
236563
236572
235401
500218
235892
237937
237026
502386
239864
236946
233443
505061
235938
234230
230590
511436
233855
231340
231154
512072
231579
235158
234385
1198146
243200
238002
237859
492016
242757
238034
233153
494586
240272
237285
232214
495902
238671
238288
241149
470968
246891
240820
238540
482514
247447
240115
242680
484214
243069
240485
243374
481931
241853
242283
237786
486861
240114
237835
238208
489295
240573
239803
236771
490083
238599
238164
237004
494017
241196
235925
239441
492637
240260
239307
235291
500455
240073
238990
232556
505118
239336
236058
231628
1132118
244804
233910
236122
512931
234285
228373
229283
511431
229959
228222
227175
518891
231976
231725
232893
493566
236591
237396
232834
496141
236059
232655
232255
500738
238717
231819
234377
502942
235629
234042
232868
505910
235330
233938
231736
509586
234682
240600
239802
481157
238305
239047
238695
485585
238970
234928
239237
489961
236891
237687
233990
501788
237702
235292
232114
507187
239256
234128
236682
1150966
236202
234592
228384
523146
233640
228811
230748
490725
234801
232553
229742
504645
233900
232543
240107
480778
244791
236413
235415
488916
244427
234484
231606
501495
239509
235581
231389
504884
235033
232906
233226
504486
235607
230901
230363
509186
235031
233493
228276
514538
236539
229160
230871
515566
233186
229046
227789
520168
233675
231368
232768
497581
236769
230869
232789
504188
233415
230285
231009
1191920
238711
235483
232462
514382
233873
234576
238061
481294
241545
239028
238808
481268
240789
238478
238181
485870
242967
237105
242941
486022
241117
238298
241821
486879
245272
239498
238696
494742
245573
237637
238359
492820
240166
238734
236190
495997
242289
234258
234539
504271
243571
233003
234923
508244
241921
238019
241441
498770
243331
236692
242460
490230
245456
239211
245137
486848
248400
241107
238960
1119214
248349
241257
239452
490081
242866
235318
236665
489163
237355
236552
243628
480744
245939
239051
240005
481582
245367
239918
237441
492479
237616
235674
235469
493078
238416
237423
237152
499234
237731
236384
241243
490321
237494
238943
235593
497468
243809
236675
243978
486943
241475
239579
237588
489796
244271
238852
235023
496476
239916
237064
234422
501740
239141
236039
230923
510884
238105
230235
232320
1153981
238362
229093
228364
520757
231735
224239
226146
519158
225016
229075
235732
488805
236771
232116
234453
497456
238572
232167
232734
503695
236109
232288
239102
498838
239714
237611
230524
508059
236290
230120
237890
498543
238333
235495
239915
495732
237787
236016
239825
496602
240620
236341
229827
508733
239027
230385
230811
511689
233134
232650
229546
516085
233538
229039
232191
521582
237234
228462
228297
